SIZES
  narena                14680064
  nbuffer               838032
  nplugin               0
  maxuse_stack          5600
  maxuse_arena          30440
  maxuse_con            4
  maxuse_efc            18
  solver_nisland        1
  ne                    0
  nf                    2
  nl                    0
  nefc                  10
  nnzJ                  140
  ncon                  2
  nisland               0
  threadpool            0

TIMER
    0:  duration =  0.98       number = 20
    1:  duration =  0.94       number = 20
    2:  duration =  0          number = 0
    3:  duration =  0.71       number = 20
    4:  duration =  0.039      number = 20
    5:  duration =  0.0088     number = 20
    6:  duration =  0.12       number = 20
    7:  duration =  0.029      number = 20
    8:  duration =  0.071      number = 20
    9:  duration =  0.034      number = 20
    10:  duration =  0.53       number = 20
    11:  duration =  0.06       number = 20
    12:  duration =  0.0012     number = 20
    13:  duration =  0.11       number = 20
    14:  duration =  0.062      number = 20

SOLVER STAT
  solver_nisland = 1
  solver_fwdinv =   0         0       
  ISLAND 0
    solver_niter = 1
    solver_nnz = 196
      0:  improvement =  2.3e-14     gradient =  7.6e-16     lineslope =  0       
          nactive = 10   nchange = 0   neval = 2   nupdate = 0

ENERGY =   0         0       

TIME =  25      

QPOS
  -0.89    
   0.67    
   0.77    
   0.88    
   0.0034  
   0.0096  
  -0.48    
   0.081   
   0.28    
   0.71    
  -7       
  -0.052   
  -0.28    
  -0.71    
  -10      

QVEL
  -0.045   
   0.071   
  -8.3e-08 
   0.00085 
   0.00014 
  -0.042   
   1.6e-07 
   3.2e-07 
   1.3e-07 
  -0.6     
  -6.1e-08 
   2.9e-07 
  -4.7e-07 
  -0.72    

QACC_WARMSTART
   0.003   
   0.0019  
  -2.6e-06 
   1.4e-05 
  -1.1e-06 
   1.4e-05 
  -1.5e-05 
  -4.7e-06 
   4.2e-06 
  -4.9e-05 
  -1.5e-05 
   3e-06   
  -1.6e-05 
   1.5e-05 

CTRL
  -7.8     
   3.3     
  -20      
  -0.016   
   7.2     
  -3.4     
   22      
  -0.017   

QFRC_APPLIED
   0       
   0       
   0       
   0       
   0       
   0       
   0       
   0       
   0       
   0       
   0       
   0       
   0       
   0       

XFRC_APPLIED
   0         0         0         0         0         0       
   0         0         0         0         0         0       
   0         0         0         0         0         0       
   0         0         0         0         0         0       
   0         0         0         0         0         0       
   0         0         0         0         0         0       
   0         0         0         0         0         0       
   0         0         0         0         0         0       
   0         0         0         0         0         0       
   0         0         0         0         0         0       
   0         0         0         0         0         0       
   0         0         0         0         0         0       
   0         0         0         0         0         0       
   0         0         0         0         0         0       
   0         0         0         0         0         0       

QACC
   0.003   
   0.0019  
  -2.6e-06 
   1.4e-05 
  -1.1e-06 
   1.4e-05 
  -1.5e-05 
  -4.7e-06 
   4.2e-06 
  -4.9e-05 
  -1.5e-05 
   3e-06   
  -1.6e-05 
   1.5e-05 

SENSOR
   0.88    
   0.0034  
   0.0096  
  -0.48    
   0.00085 
   0.00014 
  -0.042   
  -0.2     
  -0.029   
   9.8     
   0.081   
   0.28    
   0.71    
  -7       
  -0.052   
  -0.28    
  -0.71    
  -10      

XPOS
   0         0         0       
   1         0         0.1     
   2.9       0         0.4     
   4.8       0         0.1     
   7         0         0       
   12        0         0.1     
  -0.89      0.67      0.77    
  -0.77      0.68      0.5     
  -0.8       0.76      0.51    
  -0.92      0.94      0.3     
  -0.74      0.77      0.13    
  -0.95      0.57      0.5     
  -1         0.62      0.51    
  -1.1       0.82      0.3     
  -1         0.58      0.13    

XQUAT
   1         0         0         0       
   0.71      0         0        -0.71    
   1         0         0         0       
   0.71      0         0        -0.71    
   1         0         0         0       
   1         0         0         0       
   0.88      0.0034    0.0096   -0.48    
   0.87      0.039    -0.01     -0.48    
   0.87      0.11      0.11     -0.47    
   0.85     -0.065    -0.2      -0.48    
  -0.73      0.23      0.48      0.43    
   0.87     -0.019     0.022    -0.48    
   0.86      0.049     0.15     -0.48    
   0.86     -0.12     -0.16     -0.47    
   0.41      0.41      0.78     -0.25    

XMAT
   1         0         0         0         1         0         0         0         1       
  -3.7e-06   1         0        -1        -3.7e-06  -0        -0         0         1       
   1         0         0         0         1         0         0         0         1       
  -3.7e-06   1         0        -1        -3.7e-06  -0        -0         0         1       
   1         0         0         0         1         0         0         0         1       
   1         0         0         0         1         0         0         0         1       
   0.53      0.85      0.014    -0.85      0.53     -0.015    -0.02     -0.0033    1       
   0.53      0.85     -0.055    -0.85      0.53     -0.059    -0.02      0.078     1       
   0.53      0.85      0.093    -0.8       0.53     -0.29     -0.29      0.078     0.95    
   0.46      0.85     -0.27     -0.79      0.53      0.3       0.4       0.078     0.92    
   0.17      0.85     -0.51     -0.4       0.53      0.75      0.9       0.078     0.43    
   0.53      0.84      0.058    -0.85      0.53      0.012    -0.02     -0.055     1       
   0.49      0.84      0.2      -0.82      0.53     -0.22     -0.3      -0.055     0.95    
   0.51      0.84     -0.17     -0.76      0.53      0.36      0.4      -0.055     0.92    
  -0.33      0.84      0.42      0.44      0.53     -0.73     -0.84     -0.055    -0.54    

XIPOS
   0         0         0       
   1         0         0.1     
   2.9       0         0.4     
   4.8       0         0.1     
   8         0.015     0.024   
   13        0         0.7     
  -0.87      0.63      0.6     
  -0.77      0.76      0.51    
  -0.86      0.77      0.47    
  -0.8       0.79      0.16    
  -0.73      0.77      0.13    
  -1         0.61      0.51    
  -0.99      0.68      0.47    
  -1         0.65      0.16    
  -1         0.58      0.13    

XIMAT
   1         0         0         0         1         0         0         0         1       
  -3.7e-06   0.96     -0.3      -1        -3.5e-06   1.1e-06   0         0.3       0.96    
   1         0         0         0         1         0         0         0         1       
  -3.7e-06   0.96      0.3      -1        -3.5e-06  -1.1e-06   0        -0.3       0.96    
  -0.0026   -1        -0.002     0.00054   0.002    -1         1        -0.0026    0.00053 
  -0.5       0         0.87      0        -1         0         0.87      0         0.5     
   0.49      0.84     -0.22     -0.76      0.54      0.37      0.43     -0.017     0.9     
   0.98     -0.045     0.17      0.17     -0.04     -0.99      0.051     1        -0.031   
   0.95      0.19      0.25      0.072     0.66     -0.75     -0.31      0.73      0.61    
   0.83     -0.25     -0.51      0.55      0.56      0.62      0.13     -0.79      0.59    
   0.85     -0.4      -0.36      0.53      0.72      0.45      0.078    -0.57      0.82    
   0.58      0.036     0.81      0.81      0.011    -0.58     -0.03      1        -0.023   
   0.47     -0.68      0.56      0.82      0.11     -0.56      0.33      0.72      0.61    
   0.86     -0.38     -0.35      0.51      0.47      0.72     -0.11     -0.8       0.6     
   0.84      0.5       0.2       0.53     -0.74     -0.41     -0.055     0.45     -0.89    

XANCHOR
  -0.89      0.67      0.77    
  -0.77      0.68      0.5     
  -0.8       0.76      0.51    
  -0.92      0.94      0.3     
  -0.74      0.77      0.13    
  -0.95      0.57      0.5     
  -1         0.62      0.51    
  -1.1       0.82      0.3     
  -1         0.58      0.13    

XAXIS
   0         0         1       
   0.53     -0.85     -0.02    
   0.85      0.53      0.078   
  -0.85     -0.53     -0.078   
   0.85      0.53      0.078   
   0.53     -0.85     -0.02    
  -0.84     -0.53      0.055   
   0.84      0.53     -0.055   
   0.84      0.53     -0.055   

GEOM_XPOS
   0         0         0       
   1         0         0.1     
   2.9       0         0.4     
   4.8       0         0.1     
   7         0.015     0.024   
   9         0.015     0.024   
   7         2         0.024   
   9         2         0.024   
   7        -2         0.024   
   9        -2         0.024   
   12        0         0.1     
   13        0         0.3     
   13        0         0.5     
   13        0         0.7     
   14        0         0.9     
   14        0         1.1     
   14        0         1.3     
  -0.87      0.64      0.64    
  -0.87      0.64      0.69    
  -0.77      0.76      0.51    
  -0.82      0.75      0.51    
  -0.86      0.79      0.45    
  -0.88      0.87      0.4     
  -0.82      0.81      0.18    
  -0.85      0.84      0.22    
  -0.73      0.77      0.13    
  -0.73      0.77      0.13    
  -1         0.6       0.51    
  -0.99      0.64      0.51    
  -1         0.7       0.45    
  -1.1       0.75      0.4     
  -1         0.67      0.18    
  -1.1       0.71      0.22    
  -1         0.58      0.13    
  -1         0.58      0.13    

GEOM_XMAT
   1         0         0         0         1         0         0         0         1       
  -3.7e-06   0.96     -0.3      -1        -3.5e-06   1.1e-06   0         0.3       0.96    
   1         0         0         0         1         0         0         0         1       
  -3.7e-06   0.96      0.3      -1        -3.5e-06  -1.1e-06   0        -0.3       0.96    
  -0.011     0.64      0.76      0.0056   -0.76      0.64      1         0.012     0.0052  
  -0.011     0.64      0.76      0.0056   -0.76      0.64      1         0.012     0.0052  
  -0.011     0.64      0.76      0.0056   -0.76      0.64      1         0.012     0.0052  
  -0.011     0.64      0.76      0.0056   -0.76      0.64      1         0.012     0.0052  
  -0.011     0.64      0.76      0.0056   -0.76      0.64      1         0.012     0.0052  
  -0.011     0.64      0.76      0.0056   -0.76      0.64      1         0.012     0.0052  
   1         0         0         0         1         0         0         0         1       
   1         0         0         0         1         0         0         0         1       
   1         0         0         0         1         0         0         0         1       
   1         0         0         0         1         0         0         0         1       
   1         0         0         0         1         0         0         0         1       
   1         0         0         0         1         0         0         0         1       
   1         0         0         0         1         0         0         0         1       
   0.45      0.85     -0.27     -0.71      0.52      0.47      0.54     -0.017     0.84    
   0.53      0.85      0.014    -0.85      0.53     -0.015    -0.02     -0.0033    1       
   1        -0.02     -0.027    -0.026     0.057    -1         0.022     1         0.057   
   0.53     -0.055    -0.85     -0.85     -0.058    -0.53     -0.02      1        -0.077   
   0.48      0.83      0.27     -0.46      0.51     -0.73     -0.75      0.23      0.62    
   0.41      0.85      0.35     -0.54      0.53     -0.65     -0.74      0.078     0.67    
   0.83     -0.23     -0.5       0.54      0.56      0.63      0.14     -0.79      0.59    
   0.25      0.85     -0.47     -0.52      0.53      0.67      0.82      0.078     0.57    
   0.85     -0.4      -0.35      0.53      0.72      0.45      0.078    -0.56      0.82    
   0.17     -0.51     -0.85     -0.4       0.75     -0.53      0.9       0.43     -0.078   
   0.39     -0.052     0.92      0.92      0.045    -0.39     -0.021     1         0.065   
   0.53      0.058    -0.84     -0.85      0.013    -0.53     -0.02      1         0.056   
   0.21      0.82      0.53     -0.63      0.53     -0.57     -0.75     -0.21      0.63    
   0.32      0.84      0.43     -0.59      0.53     -0.61     -0.74     -0.055     0.67    
   0.85     -0.38     -0.36      0.51      0.47      0.72     -0.11     -0.8       0.59    
   0.34      0.84     -0.41     -0.46      0.53      0.71      0.82     -0.055     0.57    
   0.84      0.3      -0.44      0.53     -0.56      0.64     -0.055    -0.78     -0.63    
  -0.33      0.42     -0.84      0.44     -0.73     -0.53     -0.84     -0.54      0.055   

SITE_XPOS
  -0.89      0.67      0.77    

SITE_XMAT
   0.53      0.85      0.014    -0.85      0.53     -0.015    -0.02     -0.0033    1       

CAM_XPOS
  -0.0017   -2.3       1.6     

CAM_XMAT
   1         0         0         0         0.71     -0.71      0         0.71      0.71    

LIGHT_XPOS
   0         0         10      

LIGHT_XDIR
   0         0        -1       

SUBTREE_COM
   8.2       0.0095    0.23    
   1         0         0.1     
   2.9       0         0.4     
   4.8       0         0.1     
   8         0.015     0.024   
   13        0         0.7     
  -0.89      0.67      0.46    
  -0.8       0.77      0.35    
  -0.81      0.78      0.3     
  -0.77      0.78      0.15    
  -0.73      0.77      0.13    
  -1         0.64      0.35    
  -1         0.65      0.3     
  -1         0.62      0.15    
  -1         0.58      0.13    

CDOF
   0         0         0         1         0         0       
   0         0         0         0         1         0       
   0         0         0         0         0         1       
   0.53     -0.85     -0.02      0.26      0.16      0.00034 
   0.85      0.53     -0.0033   -0.16      0.26      0.0061  
   0.014    -0.015     1        -0.00066   0.0012    2.7e-05 
   0.53     -0.85     -0.02      0.038     0.027    -0.1     
   0.85      0.53      0.078    -0.019     0.034    -0.021   
  -0.85     -0.53     -0.078    -0.1       0.13      0.24    
   0.85      0.53      0.078     0.18     -0.29      3.3e-05 
   0.53     -0.85     -0.02      0.041     0.023     0.11    
  -0.84     -0.53      0.055     0.023    -0.035     0.021   
   0.84      0.53     -0.055     0.075    -0.14     -0.24    
   0.84      0.53     -0.055     0.18     -0.29     -0.00052 

CINERT
   0         0         0         0         0         0         0         0         0         0       
   2.9e+02   2.7e+02   5.1e+02  -8.5e-05  -75        0.00027   0         0         0         8e+02   
   2.7e+02   2.7e+02   5.3e+02   0         0         0         0         0         0         8e+02   
   2.9e+02   2.7e+02   5.1e+02  -8.5e-05   75       -0.00027   0         0         0         8e+02   
   1.8e+04   8e+03     2.6e+04  -21       -21        9.7       0         0         0         6.1e+03 
   1.4e+03   1.7e+03   2.2e+03   0        -6.7e+02   0         0         0         0         2.8e+03 
   0.33      0.33      0.12     -0.004    -0.02      0.033     0.24     -0.4       1.4       9.6     
   0.018     0.026     0.035    -0.016    -0.0089   -0.0068    0.17      0.13      0.075     1.5     
   0.042     0.015     0.038    -0.0036   -0.0045    0.006     0.081     0.21      0.035     2.3     
   0.16      0.15      0.045    -0.011     0.046     0.046     0.14      0.18     -0.44      1.5     
   0.14      0.15      0.042    -0.015     0.056     0.035     0.17      0.11     -0.36      1.1     
   0.013     0.033     0.036    -0.013     0.01      0.0051   -0.2      -0.1       0.074     1.5     
   0.018     0.041     0.039     0.0083   -0.003     0.0068   -0.23      0.018     0.039     2.3     
   0.15      0.17      0.043    -0.0019   -0.059    -0.02     -0.21     -0.044    -0.44      1.5     
   0.14      0.15      0.04     -0.013    -0.054    -0.034    -0.16     -0.1      -0.36      1.1     

ACTUATOR_LENGTH
   0.081   
   0.28    
   0.71    
  -7       
  -0.052   
  -0.28    
  -0.71    
  -10      

ACTUATOR_MOMENT
   0         0         0         0         0         0         1         0         0         0         0         0         0         0       
   0         0         0         0         0         0         0         1         0         0         0         0         0         0       
   0         0         0         0         0         0         0         0         1         0         0         0         0         0       
   0         0         0         0         0         0         0         0         0         1         0         0         0         0       
   0         0         0         0         0         0         0         0         0         0         1         0         0         0       
   0         0         0         0         0         0         0         0         0         0         0         1         0         0       
   0         0         0         0         0         0         0         0         0         0         0         0         1         0       
   0         0         0         0         0         0         0         0         0         0         0         0         0         1       

CRB
   0         0         0         0         0         0         0         0         0         0       
   2.9e+02   2.7e+02   5.1e+02  -8.5e-05  -75        0.00027   0         0         0         8e+02   
   2.7e+02   2.7e+02   5.3e+02   0         0         0         0         0         0         8e+02   
   2.9e+02   2.7e+02   5.1e+02  -8.5e-05   75       -0.00027   0         0         0         8e+02   
   1.8e+04   8e+03     2.6e+04  -21       -21        9.7       0         0         0         6.1e+03 
   1.4e+03   1.7e+03   2.2e+03   0        -6.7e+02   0         0         0         0         2.8e+03 
   1         1.1       0.44     -0.069    -0.037     0.072    -1.6e-15   3.6e-15   1.4e-15   22      
   0.36      0.35      0.16     -0.045     0.089     0.08      0.56      0.63     -0.69      6.3     
   0.34      0.32      0.13     -0.029     0.098     0.087     0.39      0.49     -0.76      4.9     
   0.3       0.3       0.087    -0.026     0.1       0.081     0.31      0.28     -0.8       2.6     
   0.14      0.15      0.042    -0.015     0.056     0.035     0.17      0.11     -0.36      1.1     
   0.31      0.39      0.16     -0.02     -0.11     -0.042    -0.8      -0.23     -0.68      6.3     
   0.3       0.36      0.12     -0.0071   -0.12     -0.047    -0.61     -0.13     -0.76      4.9     
   0.28      0.32      0.083    -0.015    -0.11     -0.054    -0.38     -0.15     -0.79      2.6     
   0.14      0.15      0.04     -0.013    -0.054    -0.034    -0.16     -0.1      -0.36      1.1     

QM
   22        0         0         5.8      -3.6      -0.015     0.84     -0.53      0.18      1.3e-05   0.83      0.52     -0.24     -6.5e-06 
   0         22        0         3.6       5.8       0.027     0.52      0.84     -0.36     -1.6e-05   0.53     -0.84      0.32      1.4e-05 
   0         0         22        0.0076    0.14      0.00061   0.15      0.11      0.54     -3.3e-05  -0.13     -0.11     -0.54      3.6e-05 
   5.8       3.6       0.0076    3.2       0.00095  -0.066     0.64      0.0055    0.064    -4.4e-06   0.64      0.0065    0.068    -5.1e-06 
  -3.6       5.8       0.14      0.00095   3.1       0.018     0.0015    0.65     -0.26      0.0097   -0.00082  -0.65      0.26      0.0097  
  -0.015     0.027     0.00061  -0.066     0.018     0.43     -0.026     0.16     -0.066     0.00079  -0.027     0.15     -0.062    -0.00051 
   0.84      0.52      0.15      0.64      0.0015   -0.026     0.38     -0.0022    0.018    -1.7e-06   0         0         0         0       
  -0.53      0.84      0.11      0.0055    0.65      0.16     -0.0022    0.4      -0.17      0.0097    0         0         0         0       
   0.18     -0.36      0.54      0.064    -0.26     -0.066     0.018    -0.17      0.22     -0.0097    0         0         0         0       
   1.3e-05  -1.6e-05  -3.3e-05  -4.4e-06   0.0097    0.00079  -1.7e-06   0.0097   -0.0097    0.02      0         0         0         0       
   0.83      0.53     -0.13      0.64     -0.00082  -0.027     0         0         0         0         0.38     -0.0021    0.018    -1.8e-06 
   0.52     -0.84     -0.11      0.0065   -0.65      0.15      0         0         0         0        -0.0021    0.4      -0.17     -0.0097  
  -0.24      0.32     -0.54      0.068     0.26     -0.062     0         0         0         0         0.018    -0.17      0.22      0.0097  
  -6.5e-06   1.4e-05   3.6e-05  -5.1e-06   0.0097   -0.00051   0         0         0         0        -1.8e-06  -0.0097    0.0097    0.02    

QLD
   4.4       0.13     -0.019     2.9      -2         0.4       2.2      -1.5       0.83      0.00065   2.2       1.3      -1.1      -0.00033 
   0.13      3.9       0.034     1.8       3.2       0.25      1.4       2.1      -1.7      -0.00079   1.4      -2.2       1.5       0.00071 
  -0.019     0.034     17       -0.01     -0.37     -0.0063    0.23      2         2.5      -0.0017   -0.17     -2        -2.6       0.0018  
   2.9       1.8      -0.01      1         0.0017    0.045     1.7       0.2       0.3      -0.00023   1.7       0.22      0.32     -0.00026 
  -2         3.2      -0.37      0.0017    0.96     -0.0027    0.0088    1.7      -1.2       0.49     -0.0069   -1.7       1.2       0.49    
   0.4       0.25     -0.0063    0.045    -0.0027    0.31     -0.068     0.42     -0.31      0.04     -0.07      0.39     -0.29     -0.026   
   2.2       1.4       0.23      1.7       0.0088   -0.068     0.38      0.042     0.082    -8.6e-05   0         0         0         0       
  -1.5       2.1       2         0.2       1.7       0.42      0.042     0.27     -0.78      0.49      0         0         0         0       
   0.83     -1.7       2.5       0.3      -1.2      -0.31      0.082    -0.78      0.21     -0.49      0         0         0         0       
   0.00065  -0.00079  -0.0017   -0.00023   0.49      0.04     -8.6e-05   0.49     -0.49      0.02      0         0         0         0       
   2.2       1.4      -0.17      1.7      -0.0069   -0.07      0         0         0         0         0.37      0.042     0.082    -9.2e-05 
   1.3      -2.2      -2         0.22     -1.7       0.39      0         0         0         0         0.042     0.27     -0.77     -0.49    
  -1.1       1.5      -2.6       0.32      1.2      -0.29      0         0         0         0         0.082    -0.77      0.21      0.49    
  -0.00033   0.00071   0.0018   -0.00026   0.49     -0.026     0         0         0         0        -9.2e-05  -0.49      0.49      0.02    

QLDIAGINV
   0.23    
   0.25    
   0.058   
   0.97    
   1       
   3.3     
   2.7     
   3.7     
   4.7     
   51      
   2.7     
   3.7     
   4.7     
   51      

QLDIAGSQRTINV
   0.48    
   0.5     
   0.24    
   0.98    
   1       
   1.8     
   1.6     
   1.9     
   2.2     
   7.1     
   1.6     
   1.9     
   2.2     
   7.1     

D_rownnz              14 14 14 14 14 14 10 10 10 10 10 10 10 10

D_rowadr              0 14 28 42 56 70 84 94 104 114 124 134 144 154

D_colind              0 1 2 3 4 5 6 7 8 9 10 11 12 13 0 1 2 3 4 5 6 7 8 9 10 11 12 13 0 1 2 3 4 5 6 7 8 9 10 11 12 13 0 1 2 3 4 5 6 7 8 9 10 11 12 13 0 1 2 3 4 5 6 7 8 9 10 11 12 13 0 1 2 3 4 5 6 7 8 9 10 11 12 13 0 1 2 3 4 5 6 7 8 9 0 1 2 3 4 5 6 7 8 9 0 1 2 3 4 5 6 7 8 9 0 1 2 3 4 5 6 7 8 9 0 1 2 3 4 5 10 11 12 13 0 1 2 3 4 5 10 11 12 13 0 1 2 3 4 5 10 11 12 13 0 1 2 3 4 5 10 11 12 13

B_rownnz              14 0 0 0 0 0 14 10 10 10 10 10 10 10 10

B_rowadr              0 14 14 14 14 14 14 28 38 48 58 68 78 88 98

B_colind              0 1 2 3 4 5 6 7 8 9 10 11 12 13 0 1 2 3 4 5 6 7 8 9 10 11 12 13 0 1 2 3 4 5 6 7 8 9 0 1 2 3 4 5 6 7 8 9 0 1 2 3 4 5 6 7 8 9 0 1 2 3 4 5 6 7 8 9 0 1 2 3 4 5 10 11 12 13 0 1 2 3 4 5 10 11 12 13 0 1 2 3 4 5 10 11 12 13 0 1 2 3 4 5 10 11 12 13

QDERIV
   0         0         0         0         0         0         0         0         0         0         0         0         0         0       
   0         0         0         0         0         0         0         0         0         0         0         0         0         0       
   0         0         0         0         0         0         0         0         0         0         0         0         0         0       
   0         0         0         0         0         0         0         0         0         0         0         0         0         0       
   0         0         0         0         0         0         0         0         0         0         0         0         0         0       
   0         0         0         0         0         0         0         0         0         0         0         0         0         0       
   0         0         0         0         0         0         0         0         0         0         0         0         0         0       
   0         0         0         0         0         0         0         0         0         0         0         0         0         0       
   0         0         0         0         0         0         0         0         0         0         0         0         0         0       
   0         0         0         0         0         0         0         0         0         0         0         0         0         0       
   0         0         0         0         0         0         0         0         0         0         0         0         0         0       
   0         0         0         0         0         0         0         0         0         0         0         0         0         0       
   0         0         0         0         0         0         0         0         0         0         0         0         0         0       
   0         0         0         0         0         0         0         0         0         0         0         0         0         0       

QLU
   0         0         0         0         0         0         0         0         0         0         0         0         0         0       
   0         0         0         0         0         0         0         0         0         0         0         0         0         0       
   0         0         0         0         0         0         0         0         0         0         0         0         0         0       
   0         0         0         0         0         0         0         0         0         0         0         0         0         0       
   0         0         0         0         0         0         0         0         0         0         0         0         0         0       
   0         0         0         0         0         0         0         0         0         0         0         0         0         0       
   0         0         0         0         0         0         0         0         0         0         0         0         0         0       
   0         0         0         0         0         0         0         0         0         0         0         0         0         0       
   0         0         0         0         0         0         0         0         0         0         0         0         0         0       
   0         0         0         0         0         0         0         0         0         0         0         0         0         0       
   0         0         0         0         0         0         0         0         0         0         0         0         0         0       
   0         0         0         0         0         0         0         0         0         0         0         0         0         0       
   0         0         0         0         0         0         0         0         0         0         0         0         0         0       
   0         0         0         0         0         0         0         0         0         0         0         0         0         0       

CONTACT
  0:
     dim           3
     geoms         floor : wheel_L_collision
     exclude       0
     efc_address   2
     solref         0.02      1       
     solimp         0.9       0.95      0.001     0.5       2       
     dist           0.00063 
     includemargin  0.001   
     pos           -0.73      0.78      0.00032 
     frame          0         0         1         0         1         0        -1         0         0       
     friction       0.6       0.6       0.005     0.0001    0.0001  
     mu             0.6     
  1:
     dim           3
     geoms         floor : wheel_R_collision
     exclude       0
     efc_address   6
     solref         0.02      1       
     solimp         0.9       0.95      0.001     0.5       2       
     dist           0.00062 
     includemargin  0.001   
     pos           -1         0.58      0.00031 
     frame          0         0         1         0         1         0        -1         0         0       
     friction       0.6       0.6       0.005     0.0001    0.0001  
     mu             0.6     

EFC_TYPE
  1
  1
  6
  6
  6
  6
  6
  6
  6
  6

EFC_ID
  9
  13
  0
  0
  0
  0
  1
  1
  1
  1

EFC_J
   0         0         0         0         0         0         0         0         0         1         0         0         0         0       
   0         0         0         0         0         0         0         0         0         0         0         0         0         1       
   0         0.6       1         0.43      0.39      0.1       0.25      0.24      0.078     0.065     0         0         0         0       
   0        -0.6       1        -0.052    -0.38     -0.097    -0.074    -0.28      0.4      -0.065     0         0         0         0       
  -0.6       0         1        -0.2       0.25      0.06     -0.17      0.14      0.15      0.041     0         0         0         0       
   0.6       0         1         0.58     -0.24     -0.053     0.34     -0.18      0.33     -0.041     0         0         0         0       
   0         0.6       1         0.065     0.4      -0.091     0         0         0         0         0.087    -0.24     -0.09      0.065   
   0        -0.6       1        -0.43     -0.38      0.084     0         0         0         0        -0.24      0.28     -0.39     -0.065   
  -0.6       0         1        -0.57      0.25     -0.065     0         0         0         0        -0.33     -0.14     -0.14      0.041   
   0.6       0         1         0.21     -0.24      0.058     0         0         0         0         0.18      0.18     -0.35     -0.041   

EFC_POS
   0       
   0       
   0.00063 
   0.00063 
   0.00063 
   0.00063 
   0.00062 
   0.00062 
   0.00062 
   0.00062 

EFC_MARGIN
   0       
   0       
   0.001   
   0.001   
   0.001   
   0.001   
   0.001   
   0.001   
   0.001   
   0.001   

EFC_FRICTIONLOSS
   0.01    
   0.01    
   0       
   0       
   0       
   0       
   0       
   0       
   0       
   0       

EFC_DIAGAPPROX
   52      
   52      
   0.37    
   0.37    
   0.37    
   0.37    
   0.37    
   0.37    
   0.37    
   0.37    

EFC_KBIP
   0         1.1e+02   0.9       0       
   0         1.1e+02   0.9       0       
   2.8e+03   1.1e+02   0.91     -73      
   2.8e+03   1.1e+02   0.91     -73      
   2.8e+03   1.1e+02   0.91     -73      
   2.8e+03   1.1e+02   0.91     -73      
   2.8e+03   1.1e+02   0.91     -76      
   2.8e+03   1.1e+02   0.91     -76      
   2.8e+03   1.1e+02   0.91     -76      
   2.8e+03   1.1e+02   0.91     -76      

EFC_D
   0.17    
   0.17    
   29      
   29      
   29      
   29      
   29      
   29      
   29      
   29      

EFC_R
   5.8     
   5.8     
   0.035   
   0.035   
   0.035   
   0.035   
   0.034   
   0.034   
   0.034   
   0.034   

ACTUATOR_VELOCITY
   1.7e-07 
   3.3e-07 
   1.3e-07 
  -0.6     
  -4.5e-08 
   2.9e-07 
  -4.5e-07 
  -0.72    

CVEL
   0         0         0         0         0         0       
   0         0         0         0         0         0       
   0         0         0         0         0         0       
   0         0         0         0         0         0       
   0         0         0         0         0         0       
   0         0         0         0         0         0       
   5.1e-07   6.3e-08  -0.042    -0.045     0.071    -7.8e-08 
   6e-07    -8.3e-08  -0.042    -0.045     0.071    -9.5e-08 
   8.8e-07   9.1e-08  -0.042    -0.045     0.071    -1e-07   
   7.8e-07   2.4e-08  -0.042    -0.045     0.071    -7.2e-08 
  -0.5      -0.31     -0.089    -0.15      0.24     -2e-05   
   4.9e-07   1e-07    -0.042    -0.045     0.071    -8.2e-08 
   2.5e-07  -5.1e-08  -0.042    -0.045     0.071    -7.6e-08 
  -1.4e-07  -2.9e-07  -0.042    -0.045     0.071     3.3e-08 
  -0.61     -0.38     -0.0024   -0.17      0.28      0.00037 

CDOF_DOT
   0         0         0         0         0         0       
   0         0         0         0         0         0       
   0         0         0         0         0         0       
   0         0        -0        -0.0014   -0.0009    0.0003  
  -0         0         0        -0.00024  -0.00015  -0.084   
   0         0        -0         0.071     0.045    -0.00027 
  -0.036    -0.022    -4.7e-07  -0.00031  -0.0025    4.3e-05 
   0.022    -0.036     3.9e-07   0.007     0.0043   -0.084   
  -0.022     0.036    -3.9e-07  -5.7e-05   0.00088   0.084   
   0.022    -0.036     3.9e-07  -0.0068   -0.0042   -0.084   
  -0.036    -0.022    -4.7e-07  -0.00045  -0.0026    4.3e-05 
  -0.022     0.036    -1.7e-07   0.0025    0.0015    0.084   
   0.022    -0.036     1.7e-07  -0.01     -0.0056   -0.084   
   0.022    -0.036     1.7e-07  -0.016    -0.01     -0.084   

QFRC_BIAS
   0.00012 
  -0.00022 
   2.2e+02 
   0.074   
   1.3     
   0.006   
   1.5     
   1.1     
   5.3     
  -0.00033 
  -1.3     
  -1.1     
  -5.3     
   0.00035 

QFRC_SPRING
   0       
   0       
   0       
   0       
   0       
   0       
   0       
   0       
   0       
   0       
   0       
   0       
   0       
   0       

QFRC_DAMPER
   0       
   0       
   0       
   0       
   0       
   0       
  -1.7e-09 
  -3.3e-09 
  -1.3e-09 
   0.006   
   4.5e-10 
  -2.9e-09 
   4.5e-09 
   0.0072  

QFRC_GRAVCOMP
   0       
   0       
   0       
   0       
   0       
   0       
   0       
   0       
   0       
   0       
   0       
   0       
   0       
   0       

QFRC_FLUID
   0       
   0       
   0       
   0       
   0       
   0       
   0       
   0       
   0       
   0       
   0       
   0       
   0       
   0       

QFRC_PASSIVE
   0       
   0       
   0       
   0       
   0       
   0       
  -1.7e-09 
  -3.3e-09 
  -1.3e-09 
   0.006   
   4.5e-10 
  -2.9e-09 
   4.5e-09 
   0.0072  

EFC_VEL
  -0.6     
  -0.72    
  -5.6e-05 
   5.6e-05 
   9e-05   
  -9e-05   
   2.3e-05 
  -2.3e-05 
  -3.7e-05 
   3.7e-05 

EFC_AREF
   63      
   76      
   0.93    
   0.92    
   0.91    
   0.93    
   0.96    
   0.96    
   0.96    
   0.96    

SUBTREE_LINVEL
   0         0         0       
   0         0         0       
   0         0         0       
   0         0         0       
   0         0         0       
   0         0         0       
   0         0         0       
   0         0         0       
   0         0         0       
   0         0         0       
   0         0         0       
   0         0         0       
   0         0         0       
   0         0         0       
   0         0         0       

SUBTREE_ANGMOM
   0         0         0       
   0         0         0       
   0         0         0       
   0         0         0       
   0         0         0       
   0         0         0       
   0         0         0       
   0         0         0       
   0         0         0       
   0         0         0       
   0         0         0       
   0         0         0       
   0         0         0       
   0         0         0       
   0         0         0       

ACTUATOR_FORCE
  -7.8     
   3.3     
  -20      
  -0.016   
   7.2     
  -3.4     
   22      
  -0.017   

QFRC_ACTUATOR
   0       
   0       
   0       
   0       
   0       
   0       
  -7.8     
   3.3     
  -20      
  -0.016   
   7.2     
  -3.4     
   22      
  -0.017   

QFRC_SMOOTH
  -0.00012 
   0.00022 
  -2.2e+02 
  -0.074   
  -1.3     
  -0.006   
  -9.3     
   2.2     
  -26      
  -0.01    
   8.5     
  -2.3     
   27      
  -0.01    

QACC_SMOOTH
  -0.9     
   1.4     
  -0.75    
   0.23    
  -10      
  -0.21    
  -17      
  -51      
  -1.7e+02 
  -52      
   14      
   54      
   1.7e+02 
  -55      

EFC_B
  -1.1e+02 
  -1.3e+02 
  -37      
  -46      
  -35      
  -48      
  -36      
  -52      
  -42      
  -45      

EFC_FORCE
   0.01    
   0.01    
   27      
   26      
   26      
   27      
   28      
   28      
   28      
   28      

EFC_STATE
  2
  2
  1
  1
  1
  1
  1
  1
  1
  1

QFRC_CONSTRAINT
   0.067   
   0.042   
   2.2e+02 
   0.098   
   1.3     
   0.006   
   9.3     
  -2.2     
   26      
   0.01    
  -8.5     
   2.3     
  -27      
   0.01    

QFRC_INVERSE
   0       
   0       
   0       
   0       
   0       
   0       
   0       
   0       
   0       
   0       
   0       
   0       
   0       
   0       

CACC
   0         0         0        -0        -0         9.8     
   0         0         0         0         0         9.8     
   0         0         0         0         0         9.8     
   0         0         0         0         0         9.8     
   0         0         0         0         0         9.8     
   0         0         0         0         0         9.8     
   6.7e-06  -1.3e-05   1.4e-05  -3.1e-06   7e-06     9.8     
  -1.2e-06   4.2e-08   1.4e-05  -3.7e-06   6.6e-06   9.8     
  -5.2e-06  -2.5e-06   1.3e-05  -3.6e-06   6.5e-06   9.8     
  -8.7e-06  -4.7e-06   1.3e-05  -4e-06     7e-06     9.8     
  -0.013     0.021     9e-06     0.004     0.0025    9.9     
  -1.4e-06   3.7e-07   1.4e-05  -3.8e-06   6.7e-06   9.8     
  -4e-06    -1.2e-06   1.4e-05  -3.7e-06   6.6e-06   9.8     
  -1.8e-05  -9.9e-06   1.5e-05  -4.9e-06   8.9e-06   9.8     
  -0.016     0.026     1.4e-05   0.012     0.0073    9.9     

CFRC_INT
   6.2e-15  -1.8e-15   5.4e-16  -9.7e-15   9.9e-15   1.1e+05 
   0         0         0         0         0         7.8e+03 
   0         0         0         0         0         7.8e+03 
   0         0         0         0         0         7.8e+03 
   0         0         0         0         0         6e+04   
   0         0         0         0         0         2.7e+04 
   6.2e-15  -1.8e-15   5.4e-16  -9.7e-15   9.9e-15   7.8e-14 
  -4.6       12       -0.00084  -0.25     -0.16     -44      
  -5.9       13       -0.00078  -0.25     -0.16     -59      
  -8         14       -0.00029  -0.26     -0.16     -81      
  -9.8       16       -3.1e-05  -0.26     -0.16     -96      
   8.5      -9.4      -0.0008    0.22      0.14     -50      
   9.5      -11       -0.00073   0.21      0.13     -64      
   9.4      -14       -0.00024   0.21      0.13     -87      
   9.8      -16        2.6e-05   0.2       0.13     -1e+02   

CFRC_EXT
   0         0         0         0         0         0       
   0         0         0         0         0         0       
   0         0         0         0         0         0       
   0         0         0         0         0         0       
   0         0         0         0         0         0       
   0         0         0         0         0         0       
   0         0         0         0         0         0       
   0         0         0         0         0         0       
   0         0         0         0         0         0       
   0         0         0         0         0         0       
   11       -17        3.6e-05   0.27      0.17      1.1e+02 
   0         0         0         0         0         0       
   0         0         0         0         0         0       
   0         0         0         0         0         0       
  -11        17       -2.5e-05  -0.2      -0.12      1.1e+02 

